feature,gbr,mean
1_H3,0.00013274840561427865,0.00013274840561427865
2_H1,0.0004461941250181818,0.0004461941250181818
2_H3,0.0,0.0
5_H1,0.0005245662267646277,0.0005245662267646277
5_H3,0.02583922931038846,0.02583922931038846
6_H3,0.03341880609509991,0.03341880609509991
8_H3,0.00028648058186419906,0.00028648058186419906
10_H1,0.020421105223038687,0.020421105223038687
12_H1,0.00017928465132949374,0.00017928465132949374
12_H3,0.0,0.0
13_H1,0.0008820951581112093,0.0008820951581112093
14_H1,0.0,0.0
14_H3,0.0,0.0
15_H1,0.03693237401842946,0.03693237401842946
15_H3,0.0,0.0
16_H1,0.00019998583398166806,0.00019998583398166806
16_H3,0.0,0.0
17_H1,0.000477437163929172,0.000477437163929172
19_H1,0.00018026387180918987,0.00018026387180918987
19_H3,0.00014587273777865394,0.00014587273777865394
20_H1,2.9581626279462562e-05,2.9581626279462562e-05
20_H3,6.919222373377059e-05,6.919222373377059e-05
21_H1,8.534026790776557e-05,8.534026790776557e-05
21_H3,9.683563760045883e-05,9.683563760045883e-05
22_H3,0.0006629757413692914,0.0006629757413692914
23_H1,0.0,0.0
23_H3,0.0,0.0
24_H1,0.011348898583736652,0.011348898583736652
25_H1,0.00037195947927328284,0.00037195947927328284
25_H3,0.0006153657686663682,0.0006153657686663682
27_H1,0.00031781280934671557,0.00031781280934671557
28_H1,3.411589270787874e-06,3.411589270787874e-06
29_H1,0.0017424236088749584,0.0017424236088749584
30_H3,0.0,0.0
31_H1,0.0,0.0
33_H1,0.00017054468969424137,0.00017054468969424137
34_H1,9.860620554030775e-05,9.860620554030775e-05
34_H3,0.00010973858413879553,0.00010973858413879553
35_H1,0.0,0.0
35_H3,0.0,0.0
36_H1,7.781425998826995e-05,7.781425998826995e-05
37_H1,0.0001316512124406842,0.0001316512124406842
37_H3,0.0,0.0
39_H1,0.007218574757531244,0.007218574757531244
40_H1,0.00012413648956459191,0.00012413648956459191
40_H3,1.33964573099225e-05,1.33964573099225e-05
43_H1,0.0,0.0
44_H1,0.0,0.0
44_H3,7.825862869728662e-05,7.825862869728662e-05
45_H3,0.0,0.0
46_H1,0.0,0.0
46_H3,0.0,0.0
47_H3,0.0,0.0
49_H1,0.0008258257508129642,0.0008258257508129642
50_H3,8.396760117400263e-05,8.396760117400263e-05
51_H1,0.0003644169432584079,0.0003644169432584079
51_H3,0.0,0.0
54_H1,4.717531079209932e-06,4.717531079209932e-06
55_H1,0.0,0.0
56_H3,0.0,0.0
57_H3,0.00015377872564817014,0.00015377872564817014
58_H1,6.669658349728582e-05,6.669658349728582e-05
58_H3,0.0,0.0
59_H1,0.0006073675704844344,0.0006073675704844344
59_H3,0.0,0.0
60_H1,0.0,0.0
60_H3,0.0,0.0
61_H1,9.269481162537228e-07,9.269481162537228e-07
61_H3,0.0,0.0
62_H1,0.0018562381436868613,0.0018562381436868613
64_H1,6.008951970291699e-05,6.008951970291699e-05
64_H3,0.0,0.0
69_H1,5.6933042862170354e-05,5.6933042862170354e-05
69_H3,0.00011791144468449398,0.00011791144468449398
73_H1,5.270643640940067e-10,5.270643640940067e-10
76_H1,0.0001239140938880436,0.0001239140938880436
81_H3,0.007963254177052178,0.007963254177052178
85_H1,3.4238181863669133e-06,3.4238181863669133e-06
85_H3,0.00022494994603203795,0.00022494994603203795
87_H1,0.0,0.0
90_H1,4.9984234081590335e-05,4.9984234081590335e-05
91_H1,5.58568119382713e-05,5.58568119382713e-05
92_H1,0.0,0.0
97_H1,0.001586640503819865,0.001586640503819865
98_H1,0.0,0.0
98_H3,0.0,0.0
102_H1,0.0004019610335537905,0.0004019610335537905
102_H3,0.0,0.0
104_H3,4.189825726648148e-05,4.189825726648148e-05
105_H1,0.00019714755205143397,0.00019714755205143397
106_H1,0.0,0.0
106_H3,0.0,0.0
107_H1,0.005728068267392202,0.005728068267392202
107_H3,0.0,0.0
109_H1,0.009949665979477006,0.009949665979477006
109_H3,0.0,0.0
112_H1,3.8725742205868765e-05,3.8725742205868765e-05
112_H3,0.0,0.0
115_H1,0.0,0.0
115_H3,0.0,0.0
116_H1,7.068260619496722e-06,7.068260619496722e-06
116_H3,0.00011658203678211051,0.00011658203678211051
118_H3,0.0,0.0
119_H3,0.0,0.0
120_H1,3.941612594580037e-06,3.941612594580037e-06
121_H1,0.0002748592970357877,0.0002748592970357877
122_H3,0.0,0.0
123_H3,0.016142884257875793,0.016142884257875793
125_H1,0.008747142011697169,0.008747142011697169
125_H3,2.0438276406815425e-05,2.0438276406815425e-05
127_H1,0.0014312397521272782,0.0014312397521272782
127_H3,0.0,0.0
128_H1,0.015657088586131695,0.015657088586131695
129_H1,0.00038020448910313303,0.00038020448910313303
130_H1,0.0,0.0
130_H3,0.0,0.0
131_H1,0.0020555840892707462,0.0020555840892707462
136_H1,0.001079035233876292,0.001079035233876292
136_H3,5.565947035752156e-05,5.565947035752156e-05
138_H1,0.01170544711087191,0.01170544711087191
138_H3,0.0,0.0
139_H1,0.0006218797585654863,0.0006218797585654863
140_H1,0.0,0.0
140_H3,0.0,0.0
141_H1,0.0,0.0
142_H3,0.0015337376183368636,0.0015337376183368636
144_H1,0.0,0.0
144_H3,0.0,0.0
145_H1,0.00016329951188500484,0.00016329951188500484
145_H3,0.0,0.0
149_H1,1.4801026876368286e-05,1.4801026876368286e-05
149_H3,0.0,0.0
152_H1,0.0,0.0
152_H3,0.0,0.0
153_H3,0.002659029852627428,0.002659029852627428
154_H1,0.0,0.0
154_H3,0.0,0.0
156_H1,0.0005600083755301618,0.0005600083755301618
156_H3,0.0002317354401543482,0.0002317354401543482
157_H1,0.0,0.0
157_H3,0.0012115598497750017,0.0012115598497750017
160_H1,0.0,0.0
160_H3,0.0,0.0
162_H1,6.208777274641829e-05,6.208777274641829e-05
162_H3,0.0,0.0
163_H1,0.0,0.0
163_H3,0.0006325202514035726,0.0006325202514035726
164_H1,7.696331826947227e-05,7.696331826947227e-05
165_H1,0.0003586829210338622,0.0003586829210338622
166_H1,0.006359331297407565,0.006359331297407565
167_H1,0.0006541808969986943,0.0006541808969986943
167_H3,0.00022681989248973778,0.00022681989248973778
168_H1,0.0014304379745341577,0.0014304379745341577
168_H3,2.4311611221338562e-05,2.4311611221338562e-05
169_H1,0.0,0.0
172_H1,0.0002580267279250929,0.0002580267279250929
172_H3,0.0,0.0
175_H1,0.004797043801209795,0.004797043801209795
176_H1,0.00018667503798070435,0.00018667503798070435
176_H3,0.0,0.0
178_H3,3.3264399772938025e-05,3.3264399772938025e-05
179_H1,2.0521358403503302e-05,2.0521358403503302e-05
179_H3,0.0,0.0
180_H1,0.23300948428890828,0.23300948428890828
180_H3,0.000139336706948257,0.000139336706948257
181_H1,0.006297807488315189,0.006297807488315189
181_H3,0.006018238023924259,0.006018238023924259
182_H1,0.0002074711131967925,0.0002074711131967925
183_H3,0.0,0.0
184_H1,0.0,0.0
184_H3,0.0,0.0
186_H1,0.00010160393683256932,0.00010160393683256932
188_H3,0.0,0.0
189_H1,9.573214455406374e-05,9.573214455406374e-05
189_H3,8.219043754091014e-05,8.219043754091014e-05
190_H1,0.0,0.0
190_H3,0.0,0.0
192_H1,9.072608711701773e-05,9.072608711701773e-05
192_H3,3.054723829716927e-05,3.054723829716927e-05
193_H3,0.0,0.0
194_H1,0.016823512859024524,0.016823512859024524
195_H3,3.210403015281136e-05,3.210403015281136e-05
196_H3,0.0,0.0
199_H1,3.814853718455809e-05,3.814853718455809e-05
199_H3,7.358203184187596e-06,7.358203184187596e-06
200_H1,0.0005591404925458444,0.0005591404925458444
202_H1,8.149773759067358e-05,8.149773759067358e-05
202_H3,4.3358935026059485e-06,4.3358935026059485e-06
204_H1,0.0008900797493167816,0.0008900797493167816
205_H1,1.1575824417405972e-05,1.1575824417405972e-05
205_H3,0.0,0.0
209_H1,0.0,0.0
210_H1,0.000987790604077363,0.000987790604077363
210_H3,0.0003461971699593085,0.0003461971699593085
211_H1,0.000510555057961498,0.000510555057961498
212_H1,3.1656456632879624e-05,3.1656456632879624e-05
212_H3,0.009790822055675295,0.009790822055675295
213_H1,0.0013049839294392764,0.0013049839294392764
213_H3,7.577332159189315e-05,7.577332159189315e-05
216_H1,0.00013488723470597418,0.00013488723470597418
217_H3,0.0,0.0
218_H1,0.00028536454857601857,0.00028536454857601857
219_H1,0.00888685158337482,0.00888685158337482
220_H1,0.0,0.0
220_H3,0.0,0.0
221_H1,0.000973835377751665,0.000973835377751665
221_H3,2.943164804010745e-10,2.943164804010745e-10
222_H1,1.0,1.0
222_H3,1.1813527284973483e-05,1.1813527284973483e-05
223_H1,0.0002484605680923816,0.0002484605680923816
223_H3,7.230196148480625e-05,7.230196148480625e-05
224_H3,9.018557595428881e-07,9.018557595428881e-07
225_H1,0.0,0.0
225_H3,0.0,0.0
226_H1,0.0,0.0
228_H1,0.009235586315090865,0.009235586315090865
228_H3,3.847692256867954e-06,3.847692256867954e-06
230_H1,0.0,0.0
231_H1,0.028937035688533178,0.028937035688533178
231_H3,0.00011451068770395983,0.00011451068770395983
232_H1,8.23897500957045e-05,8.23897500957045e-05
233_H1,0.0001975577722516446,0.0001975577722516446
234_H1,6.700431967064617e-05,6.700431967064617e-05
235_H1,0.0,0.0
235_H3,0.0,0.0
236_H1,1.3957292101729567e-05,1.3957292101729567e-05
236_H3,0.0,0.0
238_H1,0.0019291744532831316,0.0019291744532831316
238_H3,0.0014337359887617918,0.0014337359887617918
239_H1,5.049904919928515e-05,5.049904919928515e-05
239_H3,3.712739171148738e-05,3.712739171148738e-05
240_H1,0.0,0.0
242_H1,0.0006497486992174217,0.0006497486992174217
242_H3,0.0,0.0
243_H1,1.4229244472137066e-05,1.4229244472137066e-05
243_H3,8.015212553533026e-06,8.015212553533026e-06
245_H1,0.0005259112794617789,0.0005259112794617789
245_H3,0.0009421422756747873,0.0009421422756747873
246_H1,0.0011519234690232853,0.0011519234690232853
246_H3,0.0006117161320225307,0.0006117161320225307
251_H1,4.6519170618534054e-06,4.6519170618534054e-06
252_H3,0.00010297263435650601,0.00010297263435650601
261_H1,2.5276324615907888e-05,2.5276324615907888e-05
261_H3,0.0,0.0
264_H1,0.0,0.0
265_H1,0.00010663375238555941,0.00010663375238555941
265_H3,0.0,0.0
268_H1,0.0003654062221775754,0.0003654062221775754
268_H3,0.0013965773220754947,0.0013965773220754947
269_H1,6.401152619518727e-05,6.401152619518727e-05
269_H3,9.04822347178305e-06,9.04822347178305e-06
271_H1,2.7508616871430993e-05,2.7508616871430993e-05
275_H1,0.0005363410210215473,0.0005363410210215473
276_H1,0.0,0.0
276_H3,2.6834754365986647e-05,2.6834754365986647e-05
277_H1,0.00010938437024706756,0.00010938437024706756
280_H1,0.00017016274339197711,0.00017016274339197711
282_H1,0.003010664516594383,0.003010664516594383
283_H1,0.0005390832658234532,0.0005390832658234532
283_H3,0.0,0.0
284_H1,0.0,0.0
285_H1,4.484009646656442e-05,4.484009646656442e-05
285_H3,0.0,0.0
286_H1,0.06139543066084962,0.06139543066084962
286_H3,1.6113873949295375e-05,1.6113873949295375e-05
288_H1,0.0,0.0
288_H3,9.107032262501933e-05,9.107032262501933e-05
291_H1,0.00406706400093254,0.00406706400093254
296_H1,0.0,0.0
296_H3,0.0,0.0
299_H1,6.808658529917567e-05,6.808658529917567e-05
299_H3,0.00012738579625515422,0.00012738579625515422
300_H1,0.007079948776294434,0.007079948776294434
300_H3,0.0,0.0
301_H1,7.663747307225301e-05,7.663747307225301e-05
301_H3,0.0,0.0
303_H1,3.2422520885081356e-06,3.2422520885081356e-06
303_H3,0.0,0.0
305_H1,0.0005723469076875722,0.0005723469076875722
305_H3,5.377991370524275e-06,5.377991370524275e-06
306_H1,0.00047250395308635787,0.00047250395308635787
307_H1,3.974575391433275e-05,3.974575391433275e-05
307_H3,0.0,0.0
308_H1,0.0006945941349244534,0.0006945941349244534
309_H1,0.27410001056566724,0.27410001056566724
309_H3,5.486847340585945e-10,5.486847340585945e-10
310_H1,9.842452093510326e-06,9.842452093510326e-06
311_H1,0.009125498606641146,0.009125498606641146
313_H1,9.415937199709373e-06,9.415937199709373e-06
313_H3,0.0,0.0
314_H1,7.609831101927044e-05,7.609831101927044e-05
316_H1,0.0,0.0
317_H1,0.0,0.0
317_H3,5.423246053624119e-06,5.423246053624119e-06
318_H1,0.0,0.0
319_H1,0.0014151757407357712,0.0014151757407357712
319_H3,9.171296148240237e-05,9.171296148240237e-05
320_H1,0.12584664606936938,0.12584664606936938
321_H1,0.0001495454188288495,0.0001495454188288495
322_H1,0.0,0.0
324_H1,0.005137612838369795,0.005137612838369795
324_H3,0.00037011993035510293,0.00037011993035510293
325_H1,0.0,0.0
325_H3,0.0,0.0
326_H1,1.4530940704703692e-05,1.4530940704703692e-05
326_H3,0.0,0.0
327_H1,0.0,0.0
328_H1,6.830268374072826e-05,6.830268374072826e-05
328_H3,0.0,0.0
331_H1,0.0002319562974474468,0.0002319562974474468
331_H3,6.66375609336284e-05,6.66375609336284e-05
335_H1,0.0,0.0
335_H3,0.0,0.0
339_H1,0.0,0.0
339_H3,1.0828051995393175e-05,1.0828051995393175e-05
341_H1,4.887649883628372e-05,4.887649883628372e-05
341_H3,0.0,0.0
343_H1,0.0,0.0
343_H3,0.0,0.0
345_H1,0.000657782522863744,0.000657782522863744
345_H3,8.8775968012712e-07,8.8775968012712e-07
346_H1,0.00020406959823327406,0.00020406959823327406
346_H3,0.0,0.0
348_H1,0.014570717394422693,0.014570717394422693
349_H3,0.0,0.0
350_H1,3.447088589082821e-05,3.447088589082821e-05
352_H1,4.025707430194677e-05,4.025707430194677e-05
353_H1,0.0001876558878149047,0.0001876558878149047
354_H1,0.000515492975863447,0.000515492975863447
354_H3,0.0,0.0
355_H1,0.08508960622244857,0.08508960622244857
355_H3,0.0,0.0
356_H1,0.0006031649731784626,0.0006031649731784626
357_H1,0.004622565892873896,0.004622565892873896
357_H3,0.0,0.0
358_H1,0.0021022584534565836,0.0021022584534565836
358_H3,7.690829801858681e-05,7.690829801858681e-05
359_H1,1.5538572925911817e-05,1.5538572925911817e-05
359_H3,3.756955188621087e-05,3.756955188621087e-05
360_H1,0.0008689523057232472,0.0008689523057232472
363_H1,0.0005858811681900213,0.0005858811681900213
364_H1,4.21467944065041e-05,4.21467944065041e-05
364_H3,0.0,0.0
365_H3,0.0,0.0
367_H1,0.0,0.0
367_H3,1.723134405791879e-05,1.723134405791879e-05
369_H1,0.0006125081602692465,0.0006125081602692465
369_H3,0.0004473108743642996,0.0004473108743642996
370_H1,0.00020966450903304199,0.00020966450903304199
370_H3,0.0019694477871840905,0.0019694477871840905
371_H3,0.0014453820508048415,0.0014453820508048415
372_H1,0.0,0.0
373_H1,0.0015163564113603839,0.0015163564113603839
373_H3,0.0,0.0
374_H1,0.00016319971466070347,0.00016319971466070347
374_H3,0.0006200963380852629,0.0006200963380852629
375_H1,0.0007742692221148362,0.0007742692221148362
376_H3,3.11847404588996e-05,3.11847404588996e-05
377_H1,0.00023336402357966926,0.00023336402357966926
378_H3,6.522199985473791e-06,6.522199985473791e-06
62_H3,0.0,0.0
318_H3,0.0,0.0
187_H1,0.0,0.0
230_H3,0.0,0.0
234_H3,0.0,0.0
291_H3,0.00406706400093254,0.00406706400093254
372_H3,0.0,0.0
129_H3,0.00038020448910313303,0.00038020448910313303
183_H1,0.0,0.0
194_H3,0.016823512859024524,0.016823512859024524
204_H3,0.0008900797493167816,0.0008900797493167816
216_H3,0.00013488723470597418,0.00013488723470597418
217_H1,0.0,0.0
284_H3,2.943164804010745e-10,2.943164804010745e-10
329_H1,0.00010938437024706756,0.00010938437024706756
